                Close     SMA20     EMA12     EMA26      MACD  MACD_Signal       RSI  BB_Upper  BB_Lower
Close        1.000000  0.897804  0.956956  0.892030  0.560679     0.591571  0.392662  0.933153  0.713463
SMA20        0.897804  1.000000  0.979942  0.993236  0.295644     0.422540  0.026640  0.952133  0.911841
EMA12        0.956956  0.979942  1.000000  0.975801  0.403231     0.501003  0.178814  0.972988  0.839894
EMA26        0.892030  0.993236  0.975801  1.000000  0.193379     0.308652  0.035264  0.944458  0.907334
MACD         0.560679  0.295644  0.403231  0.193379  1.000000     0.956283  0.652562  0.466665  0.020887
MACD_Signal  0.591571  0.422540  0.501003  0.308652  0.956283     1.000000  0.470096  0.559191  0.174598
RSI          0.392662  0.026640  0.178814  0.035264  0.652562     0.470096  1.000000  0.139982 -0.129645
BB_Upper     0.933153  0.952133  0.972988  0.944458  0.466665     0.559191  0.139982  1.000000  0.742698
BB_Lower     0.713463  0.911841  0.839894  0.907334  0.020887     0.174598 -0.129645  0.742698  1.000000